1
1000 2000
-10 -13 -6 -4 -1 -3 -13 -20 12 -4 14 -8 -13 -11 -1 -6 5 -16 -1 -8 -17 -14 -17 -8 3 17 12 -7 6 -15 19 -12 -5 -2 -17 10 -16 19 -6 -9 -1 11 8 8 1 -17 18 17 -2 15 17 10 7 12 0 -5 -1 -3 7 -19 7 -16 -2 -5 -14 12 -1 9 -7 4 0 -5 -9 7 -1 -6 -1 6 -2 11 -11 -11 1 -8 18 -11 -3 2 -20 17 -20 15 5 -16 -2 -15 -5 -13 2 16 16 0 5 9 -13 -18 -6 -2 7 1 -20 0 10 -16 -16 18 -8 -11 5 0 9 -19 8 -9 16 17 11 15 -2 4 -17 -9 -9 14 18 -8 19 17 2 -11 -17 18 -13 8 -3 9 -3 8 1 4 17 18 -10 9 -3 -2 -7 3 15 12 19 15 -17 -1 -19 8 -1 -8 15 7 -1 13 17 -17 -4 -4 -18 -8 -15 19 -18 18 1 2 -5 12 3 3 -2 -10 7 8 18 -20 1 -18 -6 -20 -20 -7 7 -14 8 1 -12 17 -2 11 13 -3 3 2 13 -18 -4 15 8 16 10 15 0 1 -18 -12 4 11 14 -17 13 -6 -1 -12 3 -8 14 -2 0 -16 10 -3 -5 -9 12 13 -8 9 19 18 5 11 -7 -16 16 13 -15 -1 -1 19 -19 7 -16 -20 3 8 3 2 -8 -2 13 3 -8 19 -10 -1 -4 -19 -3 4 -11 1 2 -18 -16 16 4 10 3 10 13 5 7 -8 -6 17 -18 -10 -1 8 -9 8 -13 -4 7 -12 8 -19 -6 1 14 -20 19 -18 7 -7 -16 7 -10 -16 -14 -5 12 -15 -5 1 -13 8 -7 13 -9 2 -6 5 18 1 -8 -16 -17 -15 7 9 -15 12 -12 -15 5 -5 -15 19 12 15 6 -12 -18 -1 -6 -13 -20 -6 -5 13 4 -9 2 11 2 3 18 -16 -3 -13 2 -18 16 -5 17 1 -6 6 18 -18 16 14 8 -19 9 -9 -4 -20 -5 -1 -12 -18 12 9 14 13 11 18 -18 3 -16 -13 -12 7 2 0 10 14 -1 8 -20 -8 9 -1 8 -12 -17 -8 0 6 1 15 -2 1 -7 -2 -1 -8 -2 -18 -5 1 -14 0 12 -4 -18 -4 -10 8 13 -14 -2 -1 7 16 -11 11 15 19 -17 -7 -2 -7 -2 13 1 7 13 -18 -15 6 10 11 18 19 11 -18 -2 7 5 -16 -6 -4 1 13 18 10 8 -7 -16 -16 -8 12 -13 7 -17 -14 -18 -13 15 6 5 11 -13 -8 -8 -20 9 4 9 9 0 -19 -8 14 -4 17 -15 -4 -8 15 -12 -17 -12 -17 6 -9 -17 -7 14 -4 -2 16 -13 -10 5 16 -20 3 -19 -10 7 18 -17 7 6 -17 16 12 -10 16 -10 -4 10 0 18 -14 -15 -14 -2 -15 3 0 9 13 -15 -20 1 11 -18 0 -8 4 0 1 9 -18 3 -7 -11 -20 -16 4 -14 16 -14 19 3 -2 -14 -8 13 -14 -20 -15 1 -12 -15 8 -2 -14 -2 18 9 -1 12 -9 -17 -5 1 -14 -6 12 16 -15 -5 19 4 -17 7 2 -5 16 -4 -12 -7 -3 -3 13 2 9 -3 12 12 18 9 6 11 -20 -7 -18 -17 3 -16 17 -20 -17 9 -10 16 13 -11 -18 3 -12 -6 -8 18 13 -2 -15 11 -18 -3 -14 -8 -16 -1 18 6 -8 -18 -19 5 -13 14 -3 5 6 5 8 -9 -11 -11 -14 17 10 16 13 6 0 -4 15 -2 -16 -9 -5 -14 12 -20 -7 19 19 -2 18 3 -12 -19 -1 11 -18 -17 -6 15 -17 16 15 -9 19 -11 -4 -1 8 -18 -17 -6 -17 -14 7 10 -2 0 -19 19 12 10 -12 9 4 -4 -1 -9 14 -18 -6 9 -14 -10 -19 -12 -1 18 4 -11 19 13 17 -9 -13 -17 6 -7 -11 -14 -18 15 4 18 12 -9 -19 -4 6 15 -9 -13 2 -18 0 7 10 -8 -2 -1 5 6 18 0 -18 5 4 6 -7 -19 11 18 -14 -3 11 5 8 13 -11 13 3 -19 17 -19 2 -12 7 -7 0 19 -1 3 -9 19 -3 16 -19 -12 -7 14 -1 -1 14 17 3 7 -15 12 -14 -13 4 -10 -2 -17 -20 -11 -16 -19 8 -17 14 -3 11 6 -5 4 -20 12 7 -20 4 8 0 16 -9 -9 17 11 -18 -10 18 10 -4 -17 -8 -9 -16 3 14 7 19 -17 -4 14 10 10 -8 1 14 -11 -5 -3 -5 -13 -19 7 13 -5 18 19 -14 -4 7 8 -13 9 16 19 -20 -18 12 12 7 -6 3 6 4 -4 -18 11 -3 -14 -15 -17 7 0 -11 -13 18 -2 -8 14 -20 -18 -15 -17 3 -20 6 5 2 -1 16 -14 14 -9 -6 -10 9 -18 -2 -8 -9 12 17 -6 -1 14 -8 6 4 16 -6 -13 -11 19 8 -3 -14 -9 11 -4 0 -19 12 11 14 -18 -6 12 -15 0 -17 10 13 3 -20 -1 -19 -2 14 -9 -20 8 -7 -12 -19 -12 5 12 -15 3 14 0 7 0 8 -2 0 -7 17 9 -13 -14 -15 
1 2
1 3
3 4
2 5
4 6
4 7
7 8
5 9
3 10
7 11
5 12
9 13
4 14
5 15
5 16
12 17
6 18
8 19
9 20
4 21
17 22
3 23
4 24
7 25
3 26
5 27
14 28
10 29
11 30
17 31
1 32
10 33
5 34
7 35
25 36
21 37
6 38
25 39
33 40
35 41
10 42
5 43
27 44
16 45
18 46
42 47
45 48
3 49
35 50
23 51
23 52
23 53
45 54
22 55
17 56
9 57
39 58
45 59
56 60
31 61
33 62
13 63
49 64
7 65
7 66
34 67
8 68
3 69
9 70
53 71
15 72
67 73
33 74
57 75
56 76
16 77
18 78
59 79
36 80
7 81
68 82
19 83
82 84
37 85
74 86
23 87
29 88
74 89
79 90
20 91
36 92
59 93
48 94
20 95
17 96
21 97
10 98
48 99
26 100
71 101
40 102
24 103
40 104
79 105
50 106
64 107
3 108
3 109
56 110
104 111
69 112
81 113
60 114
59 115
39 116
85 117
21 118
72 119
72 120
51 121
86 122
32 123
88 124
108 125
2 126
76 127
38 128
93 129
97 130
99 131
126 132
45 133
118 134
105 135
31 136
94 137
27 138
126 139
43 140
91 141
111 142
70 143
76 144
9 145
7 146
127 147
130 148
84 149
98 150
63 151
4 152
146 153
15 154
125 155
23 156
14 157
121 158
122 159
134 160
38 161
141 162
22 163
131 164
78 165
3 166
158 167
105 168
88 169
61 170
97 171
145 172
172 173
80 174
41 175
43 176
5 177
23 178
55 179
127 180
160 181
57 182
156 183
37 184
97 185
131 186
116 187
104 188
43 189
67 190
161 191
70 192
56 193
96 194
190 195
175 196
161 197
20 198
113 199
2 200
70 201
54 202
145 203
41 204
117 205
92 206
11 207
66 208
127 209
17 210
42 211
211 212
91 213
147 214
13 215
184 216
120 217
80 218
101 219
136 220
177 221
43 222
51 223
84 224
123 225
62 226
5 227
71 228
6 229
179 230
209 231
113 232
95 233
217 234
214 235
4 236
18 237
55 238
137 239
178 240
158 241
204 242
6 243
220 244
45 245
66 246
186 247
187 248
6 249
104 250
105 251
89 252
31 253
197 254
36 255
115 256
88 257
251 258
247 259
40 260
257 261
60 262
76 263
53 264
196 265
13 266
261 267
65 268
219 269
25 270
14 271
261 272
91 273
92 274
39 275
252 276
49 277
214 278
277 279
141 280
235 281
25 282
8 283
62 284
150 285
121 286
176 287
127 288
86 289
234 290
153 291
194 292
187 293
84 294
241 295
271 296
219 297
213 298
111 299
179 300
281 301
45 302
206 303
223 304
300 305
87 306
152 307
275 308
47 309
40 310
40 311
10 312
263 313
146 314
228 315
280 316
153 317
119 318
292 319
16 320
318 321
12 322
291 323
169 324
99 325
48 326
268 327
151 328
174 329
4 330
309 331
295 332
155 333
120 334
37 335
73 336
251 337
119 338
33 339
104 340
315 341
60 342
109 343
72 344
203 345
264 346
236 347
35 348
128 349
309 350
168 351
133 352
278 353
332 354
209 355
130 356
226 357
23 358
47 359
250 360
205 361
299 362
285 363
223 364
157 365
61 366
25 367
4 368
64 369
345 370
171 371
62 372
105 373
299 374
204 375
181 376
54 377
105 378
150 379
152 380
315 381
34 382
68 383
357 384
232 385
219 386
242 387
245 388
247 389
308 390
183 391
310 392
6 393
174 394
389 395
4 396
264 397
249 398
347 399
214 400
178 401
68 402
402 403
144 404
46 405
1 406
22 407
337 408
264 409
352 410
191 411
281 412
287 413
169 414
71 415
61 416
348 417
390 418
78 419
256 420
378 421
173 422
74 423
330 424
331 425
305 426
84 427
263 428
47 429
171 430
81 431
363 432
265 433
341 434
148 435
237 436
126 437
247 438
404 439
316 440
242 441
379 442
363 443
210 444
411 445
433 446
341 447
269 448
153 449
163 450
39 451
73 452
303 453
336 454
146 455
139 456
172 457
122 458
246 459
429 460
118 461
432 462
245 463
346 464
29 465
69 466
132 467
338 468
239 469
392 470
377 471
178 472
258 473
75 474
466 475
164 476
116 477
384 478
297 479
114 480
231 481
308 482
382 483
368 484
103 485
293 486
346 487
145 488
327 489
237 490
373 491
170 492
97 493
48 494
434 495
7 496
215 497
221 498
222 499
406 500
319 501
215 502
489 503
322 504
371 505
62 506
5 507
124 508
508 509
381 510
6 511
338 512
398 513
385 514
292 515
76 516
269 517
371 518
338 519
183 520
382 521
341 522
512 523
82 524
145 525
436 526
188 527
250 528
173 529
474 530
104 531
271 532
89 533
266 534
524 535
83 536
498 537
335 538
350 539
165 540
113 541
142 542
509 543
495 544
150 545
346 546
213 547
353 548
517 549
418 550
292 551
468 552
80 553
100 554
371 555
405 556
501 557
427 558
220 559
47 560
474 561
286 562
221 563
26 564
42 565
202 566
39 567
40 568
145 569
102 570
489 571
265 572
327 573
520 574
4 575
15 576
136 577
182 578
321 579
69 580
68 581
165 582
291 583
582 584
566 585
310 586
419 587
331 588
6 589
287 590
234 591
190 592
467 593
384 594
291 595
525 596
405 597
189 598
276 599
69 600
23 601
323 602
273 603
9 604
332 605
425 606
13 607
63 608
428 609
307 610
366 611
54 612
121 613
397 614
26 615
434 616
455 617
353 618
514 619
515 620
447 621
63 622
248 623
249 624
34 625
25 626
294 627
287 628
538 629
418 630
563 631
572 632
13 633
172 634
429 635
587 636
566 637
572 638
180 639
379 640
200 641
492 642
412 643
150 644
220 645
398 646
119 647
13 648
75 649
30 650
406 651
81 652
256 653
380 654
91 655
34 656
574 657
213 658
45 659
337 660
81 661
413 662
99 663
252 664
210 665
608 666
606 667
187 668
16 669
650 670
479 671
30 672
518 673
206 674
342 675
429 676
570 677
355 678
106 679
152 680
570 681
327 682
334 683
434 684
9 685
582 686
247 687
87 688
272 689
454 690
329 691
623 692
507 693
169 694
69 695
392 696
542 697
415 698
136 699
142 700
119 701
523 702
666 703
128 704
525 705
139 706
149 707
655 708
194 709
331 710
325 711
8 712
429 713
579 714
468 715
127 716
535 717
562 718
109 719
308 720
383 721
490 722
416 723
628 724
415 725
204 726
601 727
564 728
233 729
713 730
141 731
599 732
78 733
552 734
507 735
694 736
678 737
464 738
219 739
122 740
328 741
351 742
704 743
454 744
115 745
644 746
231 747
235 748
429 749
545 750
327 751
298 752
115 753
31 754
698 755
210 756
329 757
144 758
259 759
455 760
436 761
304 762
235 763
675 764
53 765
258 766
697 767
120 768
24 769
241 770
606 771
500 772
408 773
437 774
171 775
466 776
396 777
148 778
443 779
146 780
579 781
98 782
669 783
376 784
548 785
381 786
137 787
761 788
346 789
172 790
561 791
11 792
646 793
553 794
180 795
577 796
753 797
625 798
439 799
786 800
651 801
526 802
407 803
697 804
663 805
409 806
122 807
785 808
25 809
254 810
316 811
792 812
482 813
552 814
490 815
340 816
667 817
22 818
355 819
238 820
801 821
149 822
49 823
616 824
511 825
538 826
79 827
732 828
36 829
53 830
293 831
600 832
679 833
162 834
26 835
381 836
748 837
509 838
436 839
62 840
577 841
607 842
727 843
648 844
253 845
743 846
442 847
473 848
735 849
167 850
466 851
636 852
94 853
137 854
152 855
223 856
368 857
4 858
586 859
624 860
837 861
804 862
575 863
190 864
693 865
685 866
103 867
529 868
300 869
262 870
184 871
142 872
412 873
610 874
188 875
624 876
84 877
539 878
767 879
219 880
505 881
658 882
370 883
348 884
658 885
335 886
135 887
575 888
512 889
213 890
657 891
581 892
545 893
253 894
764 895
356 896
764 897
108 898
217 899
408 900
250 901
786 902
677 903
829 904
523 905
795 906
467 907
418 908
204 909
656 910
608 911
313 912
847 913
79 914
1 915
317 916
484 917
546 918
688 919
682 920
23 921
736 922
598 923
619 924
270 925
759 926
216 927
758 928
836 929
66 930
622 931
12 932
290 933
660 934
167 935
184 936
629 937
699 938
837 939
364 940
884 941
787 942
93 943
940 944
299 945
701 946
635 947
2 948
464 949
313 950
503 951
820 952
430 953
334 954
510 955
604 956
691 957
14 958
441 959
526 960
854 961
540 962
332 963
77 964
348 965
941 966
591 967
891 968
274 969
155 970
144 971
736 972
324 973
122 974
112 975
265 976
581 977
215 978
96 979
47 980
459 981
360 982
827 983
916 984
268 985
805 986
803 987
14 988
972 989
927 990
654 991
22 992
665 993
430 994
382 995
372 996
97 997
317 998
849 999
200 1000
3 701 652 1
4 830 445
4 163 771
3 881 212 -16
2 141 662 -20
3 673 803 -11
4 920 773
4 852 841
3 879 263 -18
2 291 402 -15
3 828 839 6
3 812 975 -1
4 141 298
4 86 891
4 880 450
3 465 3 -2
3 92 527 0
4 269 78
2 182 276 6
4 644 217
4 648 707
4 771 698
4 346 950
3 314 703 17
2 121 132 14
4 770 769
3 541 802 19
2 387 461 11
3 10 536 -16
4 174 193
4 585 940
4 33 99
4 724 495
2 175 580 7
3 150 731 8
4 319 79
2 955 475 13
2 211 422 5
2 383 246 2
2 534 142 -14
4 143 383
3 421 439 -6
4 894 983
2 358 25 11
4 895 548
4 419 851
3 393 687 -14
4 803 884
3 415 785 5
3 375 926 -10
2 844 120 -4
2 991 771 -2
4 147 344
3 582 164 19
3 658 910 -16
2 780 611 -7
2 672 106 14
4 137 359
2 782 91 -1
3 138 119 -12
3 232 904 18
2 579 891 19
2 511 653 7
4 448 934
4 135 62
4 168 286
4 79 212
2 786 580 -20
3 801 336 -19
3 487 254 -20
3 590 890 8
3 525 435 -16
4 343 384
3 88 470 12
4 116 739
4 453 823
2 429 586 4
2 84 131 9
2 222 169 -16
3 44 623 12
3 131 287 2
3 921 699 16
3 983 159 -16
4 471 370
2 4 914 14
4 952 87
2 391 55 -19
4 92 239
2 3 793 -7
4 674 511
3 556 576 -6
4 172 220
3 445 405 2
3 75 516 -16
2 293 413 17
3 705 679 4
3 971 917 -3
3 570 623 10
2 560 4 -16
3 198 484 16
4 658 787
2 131 107 11
4 554 950
4 298 467
3 435 513 -18
3 787 456 18
4 927 722
3 553 401 -5
4 945 380
3 464 685 -2
4 138 893
2 328 902 -17
3 902 701 11
2 278 764 0
3 105 920 -3
3 341 361 10
2 1000 581 18
2 231 419 2
3 866 255 11
2 144 299 -13
4 963 358
4 376 599
4 665 470
4 959 673
2 909 207 -19
4 891 365
4 154 297
4 825 845
4 267 333
3 412 417 4
3 828 561 -10
2 760 886 16
3 529 661 -3
4 156 723
4 948 968
3 264 220 -5
3 883 927 18
4 504 552
2 201 813 10
4 791 208
4 628 247
3 411 802 15
2 137 547 -12
2 492 52 18
2 535 835 12
4 753 127
4 407 691
2 279 309 -10
4 484 306
4 339 637
4 486 988
2 335 734 -14
3 197 753 -16
4 76 661
2 239 528 11
3 666 202 10
2 11 290 19
2 33 643 -19
4 587 156
4 648 820
4 682 347
4 513 426
3 925 62 18
2 62 539 -4
2 331 536 0
2 1 175 15
4 270 932
4 329 323
4 78 531
3 527 673 -3
3 458 726 -15
3 676 935 15
2 36 402 9
2 299 960 -13
4 717 356
3 598 397 -11
3 157 830 -9
4 591 448
4 454 681
2 721 567 -6
2 30 959 17
2 973 130 19
4 701 691
4 807 982
2 400 851 -1
4 969 6
4 167 893
4 48 432
4 17 602
4 510 16
4 234 128
3 296 790 -3
4 761 131
3 72 287 -12
2 227 314 -10
2 834 632 -9
2 621 391 -10
3 103 550 7
4 475 346
4 256 285
4 737 457
4 979 619
3 48 925 -6
2 862 630 7
4 581 371
3 348 680 1
4 943 59
3 205 430 -20
3 32 756 7
4 368 60
4 127 904
4 101 633
2 970 992 7
2 500 83 11
4 277 39
3 395 259 12
4 581 990
4 570 541
4 913 788
3 418 859 15
3 360 229 -10
3 468 129 -18
2 295 562 -10
2 653 956 2
4 332 703
4 434 891
4 767 914
3 977 543 -12
2 434 665 -19
3 198 963 19
4 211 902
2 428 937 12
4 373 619
4 929 953
4 536 35
3 763 507 8
3 997 255 17
2 359 514 7
3 321 869 4
2 862 775 -16
4 846 725
4 787 164
3 972 25 0
2 918 638 -10
4 326 467
2 191 634 -7
4 217 628
3 562 949 -12
2 222 531 -7
4 988 40
4 395 500
3 705 516 11
4 123 154
4 947 235
2 463 154 -8
3 927 440 8
4 792 980
4 739 442
3 619 80 -5
2 134 972 4
4 219 469
4 838 306
2 570 942 -5
2 483 711 5
4 265 134
2 652 267 12
4 31 818
3 73 891 -7
2 256 989 -16
2 944 696 9
4 92 17
4 688 894
2 704 667 15
3 467 404 5
4 490 256
4 26 216
4 682 788
3 291 482 19
2 868 109 -1
4 633 796
2 428 383 -2
4 267 337
4 950 503
4 475 785
4 717 513
4 270 822
3 676 397 -10
2 578 856 -20
4 221 318
2 653 732 -14
2 746 827 -18
2 886 682 -15
4 626 749
2 247 213 -6
4 372 575
2 937 153 18
3 366 991 -2
4 984 127
4 315 400
3 94 139 5
3 913 239 4
3 77 64 9
4 671 865
3 759 964 3
3 771 591 11
4 951 637
3 973 578 6
4 636 573
4 65 951
2 271 81 -17
4 712 887
3 502 10 -18
4 234 955
3 126 494 5
4 588 729
3 94 232 -14
3 474 115 -19
4 299 279
2 664 599 -8
4 254 225
4 843 997
3 466 235 -10
4 964 823
3 937 539 -16
2 985 474 -19
3 537 451 9
3 334 721 -7
4 406 244
3 481 679 -4
2 909 482 6
2 528 64 15
4 685 100
4 409 659
2 798 348 1
4 42 377
3 631 974 9
2 927 22 -13
3 854 718 0
4 679 542
3 118 442 -3
2 670 404 18
2 43 486 -15
2 656 943 7
4 423 706
4 759 746
4 480 735
3 140 813 -10
4 601 555
3 143 8 19
4 25 363
4 186 946
4 142 56
2 744 92 -5
2 299 213 -13
2 661 486 -13
4 379 68
4 187 64
2 525 388 -4
2 716 228 -12
3 503 961 -9
4 229 771
3 675 881 -7
2 863 836 10
3 537 362 -10
4 536 784
3 786 302 -2
2 926 138 -17
4 522 498
4 284 335
4 21 764
4 315 975
3 475 203 1
4 472 187
4 118 257
3 979 97 1
4 790 718
4 686 589
3 337 735 16
2 676 548 -9
4 72 889
3 440 517 -8
3 572 581 -19
4 209 926
2 187 655 -11
4 351 866
3 967 988 9
4 172 897
3 588 348 -9
4 429 14
2 434 573 11
4 328 594
2 971 402 -20
3 470 67 -1
3 191 661 -6
2 179 645 -2
4 89 76
3 991 816 9
2 997 763 -11
3 298 472 2
4 287 166
4 488 363
2 703 234 19
3 722 928 2
2 404 85 -16
4 523 776
2 439 796 -20
2 211 317 -9
2 430 62 14
4 87 344
4 688 298
3 362 5 5
4 200 742
2 168 655 2
4 197 203
4 395 220
4 785 531
3 438 895 -7
3 548 738 -6
3 190 300 6
2 496 771 1
4 480 861
3 304 188 -3
3 549 113 1
4 470 262
4 440 252
3 617 256 14
2 859 103 19
3 297 835 -6
3 733 839 14
2 544 42 -1
2 174 977 19
4 810 181
2 923 533 12
4 967 8
3 407 797 19
2 438 210 -16
4 829 690
3 338 866 -15
4 623 89
4 334 978
4 340 924
4 204 143
4 156 550
4 69 149
3 566 874 -19
4 354 281
3 784 385 7
2 468 372 10
4 726 193
4 594 206
3 919 399 1
3 737 86 -12
2 517 84 -18
4 255 861
2 650 494 -1
2 142 307 -16
2 89 947 -11
3 976 498 2
3 975 976 1
3 718 44 -9
4 87 539
4 803 406
4 572 552
2 852 380 1
4 980 365
2 719 713 -13
4 716 370
4 445 434
2 44 4 9
2 744 428 8
4 842 25
3 254 535 -16
4 296 620
2 786 172 16
3 174 676 -20
3 592 337 -6
2 387 899 -15
4 139 673
2 658 193 3
3 534 97 4
4 139 978
3 127 931 15
4 56 228
4 736 376
4 813 979
3 68 32 -11
3 460 937 0
3 970 321 -18
4 575 277
3 162 563 -9
4 950 437
4 81 370
4 6 624
4 748 60
2 145 404 -19
3 19 110 -12
4 658 260
4 252 701
2 317 875 19
2 397 645 16
4 944 676
4 347 955
3 388 874 -8
2 300 190 8
3 68 529 11
3 814 381 -4
4 266 708
2 869 192 -19
4 931 818
4 558 959
3 961 864 11
2 514 839 9
4 774 523
4 493 990
4 577 207
4 225 585
2 226 704 1
3 767 291 -15
2 257 962 -3
4 984 627
4 927 431
3 68 162 -1
2 349 492 2
4 534 742
4 244 97
3 660 527 5
4 302 550
4 707 786
4 383 525
3 771 893 -5
4 909 373
4 615 366
4 164 443
2 592 634 -11
3 12 678 -2
4 18 118
4 561 514
4 618 342
4 783 517
3 663 665 3
2 442 361 14
3 209 306 7
4 840 730
3 333 782 9
4 34 794
4 270 26
4 491 827
3 575 633 5
4 666 573
4 808 345
4 718 314
2 454 800 2
3 497 454 -8
3 967 990 1
4 697 309
3 364 848 -15
2 626 841 -9
4 669 211
3 3 58 16
4 14 50
4 325 588
4 209 482
4 428 405
4 451 959
2 500 705 -14
4 471 936
2 966 862 -5
2 327 410 -12
2 875 884 -11
4 956 129
4 354 55
4 469 916
4 688 380
3 725 953 -14
3 396 362 -19
4 662 205
4 923 456
2 64 418 14
4 509 537
3 922 444 18
3 182 306 -12
3 462 169 -7
4 548 869
3 473 129 -15
4 285 215
2 835 650 -14
4 86 654
4 550 413
3 828 811 -3
4 993 67
4 296 972
3 935 713 19
4 214 82
4 521 696
4 428 187
2 616 326 -19
3 772 849 3
4 69 787
4 550 114
2 427 963 -13
2 702 361 18
4 277 109
4 751 505
3 938 788 -14
3 746 111 7
4 293 319
2 485 84 -10
2 786 442 -11
2 537 70 7
2 79 95 -13
3 32 766 15
2 341 403 -18
4 586 61
4 738 739
4 855 296
2 126 165 16
3 252 651 17
4 287 322
3 503 702 -2
2 260 490 -2
3 991 277 -12
4 408 12
4 798 150
2 834 717 6
4 438 485
4 521 167
2 792 997 -13
4 818 384
4 921 460
2 499 685 13
2 271 597 -15
4 321 357
4 385 667
3 418 238 -18
4 333 352
2 620 764 -19
2 516 8 16
4 375 626
3 235 597 13
2 190 944 6
4 72 366
4 883 389
4 781 130
4 976 173
3 229 378 9
2 717 630 -19
2 365 489 -14
4 123 960
4 553 578
2 789 793 2
4 651 375
4 924 383
2 983 370 13
4 455 916
4 46 647
2 196 439 13
4 589 166
2 876 879 -15
4 678 482
4 257 661
4 298 261
3 531 659 18
2 433 233 10
3 510 292 14
4 81 560
4 655 294
3 64 28 -17
4 763 981
3 790 297 18
2 198 311 -11
4 384 908
4 205 842
3 443 506 -17
4 816 616
4 234 150
2 981 587 -10
4 909 345
2 466 696 4
4 524 49
3 607 788 -14
3 953 400 14
4 225 179
4 682 257
4 864 363
3 216 973 -15
4 807 278
4 57 3
2 58 37 -16
3 887 759 -11
3 705 417 -12
3 536 22 -7
3 410 352 -3
4 980 597
2 424 636 -18
4 958 997
2 347 211 -11
4 330 694
2 222 389 12
2 398 871 0
2 556 583 18
4 353 357
3 790 858 -3
2 46 43 -3
3 825 702 -15
4 609 552
2 25 54 1
4 116 74
4 185 434
4 945 887
3 688 216 10
3 447 669 6
3 317 82 15
2 176 252 16
4 771 77
2 107 973 -10
2 720 249 -13
2 890 873 -5
4 569 924
3 971 445 6
4 368 505
3 740 60 4
2 795 426 -17
2 324 563 -13
4 710 295
4 292 179
2 679 812 14
2 215 751 -9
3 246 344 3
3 286 508 13
4 905 829
4 322 145
4 414 493
3 200 785 -10
3 457 687 -15
4 800 878
3 144 129 7
3 379 467 -19
4 801 867
4 709 682
3 105 85 -17
4 815 721
4 533 102
4 306 608
4 877 375
4 734 17
4 673 464
2 453 360 -4
3 863 316 -7
4 343 665
2 61 281 16
4 373 680
4 746 336
4 798 125
4 366 407
4 73 677
2 857 582 -12
2 735 48 8
4 80 252
2 562 209 -2
4 746 586
4 69 573
4 677 494
4 904 772
3 322 116 -13
4 300 675
3 189 40 -6
2 715 55 14
4 228 193
4 459 144
4 404 677
3 638 485 5
4 762 126
3 955 373 18
2 170 611 -7
4 313 758
4 551 92
2 734 140 -2
2 110 946 3
2 393 664 -8
2 359 853 -16
2 83 663 3
4 908 713
3 456 992 13
4 343 25
3 506 306 -17
4 820 790
3 594 572 9
4 875 547
4 84 266
3 888 711 -17
4 391 888
4 823 938
2 871 502 -20
4 693 201
4 840 723
2 749 844 -8
4 672 892
4 307 455
4 70 609
3 439 970 -20
3 287 465 -1
2 162 458 15
3 121 130 -7
4 140 955
3 252 784 -2
3 27 55 1
3 909 969 4
4 700 433
4 650 60
4 866 217
3 955 409 -17
4 993 838
4 755 825
4 538 642
4 679 503
4 982 90
2 387 269 -2
3 602 242 -15
4 934 683
3 419 670 -4
2 901 563 8
4 219 616
4 769 88
4 517 928
4 355 249
3 959 429 11
4 966 742
3 718 971 -12
2 935 416 -12
4 779 722
4 551 645
2 496 302 2
2 274 682 13
4 213 736
2 193 763 -6
3 813 927 -6
4 953 806
2 702 886 17
2 93 262 2
3 478 513 -7
3 188 587 -17
2 375 515 0
4 560 819
4 454 163
4 812 292
3 214 664 9
3 297 225 0
4 657 859
2 724 137 -20
2 663 655 -7
4 952 31
4 405 153
2 172 340 5
2 364 98 4
3 324 824 15
4 100 440
2 923 684 -20
4 520 605
3 273 270 -4
2 786 818 -14
4 902 133
3 722 368 10
3 509 850 -13
2 769 141 -6
3 98 587 17
2 148 487 -11
4 864 987
2 540 974 -8
4 250 572
3 805 815 17
4 670 259
4 631 765
4 412 848
4 508 929
4 132 427
2 730 727 -18
3 971 634 4
4 373 420
4 387 70
4 102 183
4 320 790
2 849 700 -20
4 231 439
4 190 394
4 241 795
4 259 793
4 721 514
4 729 634
3 966 238 -2
3 42 73 -18
4 320 775
4 584 222
2 131 968 -1
4 183 313
2 21 359 14
4 559 304
2 423 757 3
3 333 631 -3
4 916 703
2 898 695 -17
4 388 396
3 645 621 -18
3 527 345 12
4 96 576
4 908 603
4 783 141
4 50 701
4 310 523
4 95 452
4 315 463
4 850 845
4 592 974
3 259 402 11
3 537 334 -10
4 450 526
4 798 531
4 332 963
4 925 511
2 671 24 9
4 161 23
2 539 498 -3
4 753 660
2 276 203 18
2 355 231 -16
2 617 240 16
4 586 394
3 805 609 9
2 710 930 14
3 135 512 13
4 507 518
2 281 704 -8
2 159 977 -6
4 656 290
4 357 718
2 171 863 -18
2 755 90 3
4 260 307
2 835 224 -15
3 390 625 2
4 400 314
2 180 372 -5
2 662 849 -5
2 89 756 -13
2 90 630 19
4 134 504
3 976 949 -5
4 525 744
3 999 528 -1
2 119 550 6
4 802 509
3 635 684 -9
4 601 683
4 681 192
3 945 538 10
2 320 772 6
4 444 170
4 831 19
4 418 875
4 191 694
3 442 524 0
4 680 26
3 714 498 -3
2 198 894 -2
4 430 599
2 796 160 -13
4 393 936
2 46 706 13
4 643 469
4 234 671
4 887 163
4 893 564
4 716 248
2 274 619 8
3 263 232 0
3 410 731 7
4 189 841
2 395 129 -18
3 759 187 -8
2 250 559 2
2 908 160 3
4 740 260
4 614 837
3 754 458 15
4 934 192
3 614 302 5
3 817 667 -3
4 902 513
4 200 654
4 890 145
2 534 684 -13
2 135 430 2
2 814 743 2
2 534 355 -7
2 319 291 -14
2 123 546 -20
2 336 159 5
2 243 908 -3
4 792 22
2 965 939 -5
3 158 71 7
4 246 6
4 374 231
4 303 120
3 654 787 1
3 756 830 -2
4 242 750
4 110 41
2 693 40 -12
4 643 368
4 899 375
4 634 547
4 491 553
4 8 63
4 688 575
4 703 584
3 148 797 -9
3 326 138 6
2 177 583 -2
4 29 364
3 112 842 -1
4 290 619
2 381 408 -16
3 553 377 -11
3 406 266 -7
4 258 372
4 955 756
4 432 874
3 957 108 -2
3 122 984 11
2 260 605 2
4 984 783
3 237 864 18
4 127 538
2 278 667 -19
2 585 772 1
3 355 986 1
4 24 612
3 182 916 0
4 927 545
2 775 549 -9
4 735 870
3 668 274 -6
4 177 31
3 182 81 9
4 331 681
4 190 18
4 653 896
4 323 592
3 566 242 17
4 799 838
4 107 694
4 294 810
4 955 659
4 825 998
2 525 692 14
3 591 327 -18
4 958 800
2 479 753 -10
4 659 701
2 307 495 -18
4 589 625
4 355 359
4 916 497
4 975 308
3 698 648 3
2 874 882 1
2 274 624 -8
2 779 990 -5
3 197 254 12
4 974 302
3 735 580 -11
2 130 12 17
2 543 89 6
4 312 146
2 187 727 0
3 836 444 -8
2 574 630 6
2 105 279 7
3 400 344 -13
4 526 773
4 278 157
4 504 732
4 863 470
3 568 109 -15
3 937 179 -1
4 287 108
3 699 217 5
4 200 841
4 265 291
4 281 458
4 608 69
4 838 972
2 558 659 15
2 296 795 16
3 567 289 18
3 636 881 -5
3 38 315 9
2 606 331 -12
4 205 785
4 308 957
3 829 996 0
4 293 160
4 861 959
3 755 288 6
4 813 984
4 381 572
4 488 373
4 858 921
3 230 60 -6
2 464 59 -17
4 191 77
2 476 485 17
3 684 622 -15
2 26 1000 -13
3 300 284 9
4 450 640
2 489 53 15
4 576 989
4 163 566
3 163 918 15
2 49 521 -11
4 915 680
4 44 505
3 651 503 15
4 802 757
2 907 144 1
3 395 797 -19
4 732 440
3 1000 21 -6
4 104 90
2 276 902 9
2 463 22 -13
2 89 337 1
4 677 909
4 96 239
3 428 529 14
4 833 410
2 17 265 -2
4 264 25
4 150 166
4 320 720
3 894 663 3
4 600 386
4 743 892
4 238 542
2 602 819 -19
4 980 216
4 650 562
4 713 801
3 351 196 -1
4 31 975
4 460 356
4 851 153
3 621 746 -2
4 435 827
4 89 267
4 292 506
2 153 698 14
4 947 631
4 390 785
4 680 558
4 951 555
3 977 222 19
4 486 96
4 279 954
4 756 188
2 775 713 -20
2 899 726 -19
4 164 247
4 664 247
2 164 651 -15
2 722 406 10
4 491 281
4 45 629
3 671 211 4
4 398 531
2 849 728 -17
3 780 937 -11
4 812 553
2 500 295 5
4 446 867
4 111 319
2 614 847 -19
3 35 192 -16
2 287 668 18
3 62 140 -18
2 935 453 18
2 881 717 19
4 883 255
3 250 577 8
4 713 692
4 975 45
4 947 266
4 139 912
4 44 129
4 633 709
3 537 791 9
2 837 689 -16
4 5 990
4 320 241
3 507 542 -16
2 201 928 -5
2 230 542 13
4 648 980
3 575 20 7
4 694 555
2 585 139 17
4 788 124
4 782 938
4 864 244
4 746 47
3 388 882 -5
2 40 462 2
4 392 341
4 588 323
4 405 745
3 581 598 -10
2 160 248 12
2 470 895 -11
4 324 50
3 636 505 -2
2 556 219 6
3 997 240 17
3 242 697 -17
4 857 548
2 414 510 1
4 992 470
3 272 376 -16
4 749 692
4 732 428
4 931 428
4 481 478
3 41 419 0
2 918 922 3
4 93 853
2 899 555 -3
4 390 50
4 307 282
4 223 628
4 748 755
4 143 104
4 355 346
3 106 802 -14
3 240 42 19
4 971 76
2 426 626 -1
3 907 85 -5
4 576 882
3 248 74 -16
3 896 178 14
4 997 772
3 452 83 -11
4 868 581
2 529 204 -4
2 789 571 -3
4 486 500
2 459 802 15
4 308 948
4 663 69
4 999 188
3 252 593 13
4 922 974
3 830 506 14
2 799 657 -5
2 687 253 -3
4 662 724
2 41 110 13
4 89 62
4 491 866
2 278 625 5
3 355 186 -15
2 931 971 -10
4 559 500
2 813 575 7
4 417 543
4 153 909
4 189 840
3 701 605 -10
4 380 175
3 232 941 -12
4 641 337
4 364 686
4 844 938
2 75 2 9
3 412 40 10
3 349 305 -16
2 33 281 10
2 533 819 -16
4 657 820
4 186 754
3 896 89 5
4 156 516
3 279 915 10
4 146 970
3 143 540 -1
3 266 754 3
2 173 99 8
4 931 194
4 605 173
3 255 412 11
4 692 838
3 462 836 17
3 782 528 17
4 351 673
3 227 415 5
3 431 252 7
4 162 380
4 434 119
3 951 831 6
4 224 80
3 604 821 18
2 31 657 -3
3 58 985 -7
2 391 616 -15
2 955 484 -5
2 345 512 7
4 58 127
3 644 566 -9
3 910 196 1
2 73 724 -8
2 345 129 -4
4 184 990
2 623 811 3
2 458 944 -11
4 186 407
4 675 847
3 933 885 1
4 618 951
4 518 337
2 307 484 -8
3 435 554 -8
4 651 815
4 10 945
3 848 227 10
4 907 736
2 123 102 -7
2 441 615 -11
4 335 458
3 902 203 13
2 437 998 17
3 401 983 11
2 518 602 10
4 688 83
4 484 384
4 723 345
2 165 976 12
3 297 808 12
4 668 770
3 381 813 -2
4 348 804
4 754 566
4 829 734
4 812 349
4 115 481
2 538 495 -20
4 817 466
4 800 293
3 758 415 -12
2 783 53 -8
4 249 110
4 485 585
3 430 306 -1
4 437 245
4 640 864
4 587 591
3 150 722 3
2 362 765 -19
3 457 827 8
2 893 797 -14
2 679 442 0
4 606 549
2 362 97 -7
2 615 905 6
2 517 736 -18
4 574 657
4 232 241
2 739 157 -3
4 747 612
4 194 677
2 763 47 -5
4 859 1
2 867 632 4
3 504 885 -18
3 977 939 -14
4 559 622
4 701 512
3 339 425 4
4 587 223
4 96 944
4 575 109
4 94 99
3 756 179 -12
4 277 979
4 179 853
4 365 362
3 829 396 -8
4 617 918
2 949 111 -7
4 307 646
4 846 360
2 464 547 17
3 468 464 -4
3 908 786 -7
4 217 463
4 580 28
3 869 599 -15
3 31 806 8
3 525 151 -3
4 348 635
4 623 976
3 287 552 -18
4 759 937
2 928 892 3
4 217 610
4 168 278
4 146 415
4 665 553
3 962 407 -1
4 192 267
4 705 43
2 466 317 -18
4 135 893
2 247 922 11
4 306 800
4 723 669
4 986 451
3 855 748 -16
3 767 702 -18
2 116 357 -4
4 853 796
2 188 397 19
4 6 717
4 881 572
3 830 12 -14
4 815 255
4 740 3
3 7 799 -14
3 325 488 -11
2 269 760 -10
4 315 438
2 510 285 18
4 423 813
