31098
31001
7719
6746
5822
22885
13205
14024
25517
19438
25603
23735
27486
22910
31940
17597
16452
28414
9808
5390
11903
4294
13727
31493
21076
18622
5566
28389
28361
14169
14727
22736
12172
3759
2829
20279
21113
3382
6159
697
5908
15384
9421
23604
19269
1503
27531
10791
18306
13526
5823
23643
14416
18268
32317
19717
2058
31052
27236
10974
32274
4028
1959
27046
1224
21295
12233
7762
19430
4763
8644
22270
5798
1292
3463
28230
13699
2084
26830
15358
1283
24466
17566
3563
22374
14156
18510
13888
7432
22764
17832
24718
9797
31425
24644
18338
5006
15048
3266
32088
23926
32127
12673
23758
3903
28848
340
29880
14832
27957
22143
30204
16304
6939
613
1563
6889
11428
13045
22250
7639
9651
22893
4550
16701
31518
14476
15434
4874
9355
26610
7255
7133
9690
31098
181
30155
7324
6661
25148
28713
6006
29041
4281
30787
7371
25389
4195
28786
28858
26483
20974
30133
17597
23969
28021
5790
27042
25887
16576
20023
10255
12246
29382
24473
17058
31753
27836
17874
15181
32304
11267
14890
14651
26602
15040
28248
15117
25147
14000
19875
11544
28403
25453
17702
8617
11668
19204
28218
14653
768
1961
27882
7242
7007
30156
1227
32200
11276
10303
30938
16452
3175
21579
28718
22215
14208
13571
2380
22360
32381
9054
3096
31157
30129
14628
19001
7762
11848
15430
13814
20965
21770
28377
5285
4062
14832
8744
29453
24421
17362
21338
21022
8438
24012
14628
23976
4125
75
13944
7045
15008
13741
14287
17654
31655
110
23500
22701
26943
16194
977
974
86
12545
21508
2571
10461
5047
17613
31313
30735
24777
17362
24174
22764
303
15679
2031
30152
2099
26643
19727
21156
20116
27931
11879
3668
4281
26843
2743
22232
6645
7054
32249
768
25480
9152
30671
11888
16632
6333
10907
23465
26681
25174
8816
26430
15000
7914
27271
27889
14451
303
22232
16650
12385
18820
18600
24670
27341
15949
11737
26808
7639
19308
14372
10175
29447
7418
29210
19676
20543
14416
4428
27079
27917
4248
30031
20732
17846
20621
24669
6889
6183
1451
16293
17920
20894
14983
23665
10648
1935
28007
289
14075
13526
14674
13579
3869
21460
13054
6622
19854
24830
12878
13838
8332
12047
6908
8310
9809
19570
21178
17179
16827
7914
29769
22452
13384
961
14832
16265
28960
23843
11544
14979
6333
7234
1513
1371
7916
21438
14475
28444
18143
16771
5822
4307
13275
3860
13957
14599
7542
16103
14784
1030
5696
20690
973
18349
10445
1098
3305
18455
7065
30038
17872
32103
18928
6920
28536
24358
28536
7367
23354
4850
23393
21508
3092
6622
20893
7253
11890
20474
1503
30361
27199
5100
28403
8776
30650
5249
4856
9340
30983
21820
9762
17480
30038
7598
13386
364
24622
16064
13090
15606
7653
5340
22893
21824
27022
18300
25892
28921
6825
19235
22215
7225
31869
23892
1862
26889
18199
25401
7179
4428
5959
9170
29026
19318
4112
29041
17823
17724
20671
23348
10104
22855
27475
24673
8913
24685
24832
26859
3728
19836
21169
24939
32642
15602
29851
2015
27990
22855
18218
13944
6307
6192
27916
24421
9080
5652
21076
15721
24008
4411
28671
29037
23445
30484
23245
3870
6605
17441
30564
16769
330
13818
28034
18735
5602
31696
16847
24309
10237
17436
11166
22205
23330
26400
1551
9334
23517
23533
20033
19468
30023
16028
23761
14924
23759
25116
2152
19577
14014
10219
27835
20522
19118
9305
26175
27516
7158
2107
13464
8791
21775
24723
17033
23960
11066
22382
7669
29888
6622
9652
10494
5413
15557
2671
21668
16482
18732
25264
21293
3385
6943
13915
29207
1247
5254
27638
22231
19889
16564
14198
11720
15853
25264
32237
32524
19837
26752
28290
24546
18012
22647
5014
8329
3389
6375
30055
20943
14236
16290
24757
28664
1602
9679
29920
31951
8330
7708
21065
8634
24429
443
10374
6012
1384
26335
9112
11825
12168
21194
997
9657
11698
4788
15248
7018
6670
1432
29469
7920
24871
24766
22481
14277
16454
1602
28159
24766
16428
22777
23227
25485
25534
13090
29801
24785
17189
9774
16506
23512
13253
15431
12339
15893
25397
32070
15501
23641
16487
13052
27926
22476
14849
497
6857
5359
11995
2318
5007
27272
32528
27830
22620
267
5934
20020
1412
69
29631
18288
10529
23710
5333
10009
27452
32263
15026
23141
4774
7546
23914
3863
17708
20856
30470
9062
15821
25381
23602
19633
4568
31618
7973
8220
29120
11066
29462
15595
27699
420
21217
3468
22821
24113
25471
20522
12002
7970
5851
25120
5937
13552
8641
270
5750
23679
29576
15134
19422
22046
24707
23753
27160
14848
5405
12998
17658
27726
32414
11130
26468
26095
3410
7597
8939
7921
1161
12308
26886
2885
30367
22173
23905
12704
4584
2583
8821
29019
30002
27414
267
30961
19823
25965
29576
9725
4883
14935
20033
15026
4380
20636
23162
3726
1153
8741
15830
13413
30023
60
30470
6965
5198
12806
2967
29882
16636
22189
24728
11179
14198
20255
6097
31707
10191
32368
29207
30395
6348
29387
20005
9133
30599
7691
28387
4959
25979
1961
7480
24932
27463
2539
1781
653
13895
27505
17293
26611
21033
25919
6101
4291
32537
13788
14277
4128
29124
10386
19557
12692
29029
16343
8378
15673
31877
7532
2557
11770
19557
22353
8081
15327
14475
12274
22274
28476
14744
17266
24834
18698
3954
21786
10629
20943
8732
30352
23161
12257
21527
4927
5529
2625
21874
6718
6571
5618
25298
12806
12179
21775
23674
3772
60
21448
16597
4833
29739
17898
25741
24580
5585
7708
30741
24934
10494
23699
20020
25397
801
10903
4568
14236
3782
31336
29927
32537
7040
7686
19245
14068
9528
8378
8317
18585
11731
31673
15337
25020
24289
3779
20114
305
4989
25625
32687
6904
24588
20675
4068
10265
15713
25533
5963
32524
26080
21127
13666
11313
3513
6871
25259
13265
29331
163
21345
8283
578
29391
6780
18855
22247
29864
3786
8222
22355
13413
26080
10009
25567
23757
28593
20020
13915
30637
15784
17422
8711
17004
6813
10374
6375
24782
9002
10729
22922
13845
11642
30825
32315
23113
709
12692
30180
22144
22423
8531
8597
16816
23852
26209
1195
3935
4392
22203
25231
23658
12360
15888
30502
14684
5378
7510
17442
3772
6976
18495
14450
29640
8786
14393
27442
2804
1294
3209
16580
28524
16147
22835
7925
703
20464
6786
11670
17606
11313
11434
5772
21918
12510
7378
24505
6375
28392
10744
18154
22670
31293
5407
18762
7144
4976
26345
10760
32348
582
16045
20315
20925
4529
32585
20238
15130
4107
21965
18436
10252
12512
26570
3907
2193
7908
27299
16047
15269
15173
3838
12950
2323
2062
10122
1142
31230
22301
29165
4633
17424
29131
12795
9843
21638
32061
22907
11457
9220
14460
19710
7468
3446
20311
30471
14125
11451
10309
831
18163
28984
23566
12183
1138
23811
18749
24201
8271
27973
793
13304
22242
30530
10165
1075
7321
27094
20961
22197
15509
12072
32401
7167
21347
2947
14231
28966
2808
22896
28077
13903
10292
1069
29025
5094
26798
99
9394
30371
11063
30083
9885
20104
15715
531
10947
27045
30574
15235
18396
28522
11669
4221
5701
9705
4313
14164
23458
7633
6028
2303
19079
2969
18366
12533
9738
31173
1730
20498
18041
15089
2947
32566
3651
22281
31509
28363
248
3073
20804
23213
14460
11669
2218
4980
7762
16601
27099
25675
1453
32246
12469
29556
12067
26491
18881
4002
10626
16894
31636
458
21019
28660
19517
11987
2626
11669
11569
12973
4173
21751
25494
25392
214
2650
4296
7765
16616
20979
6466
9435
11200
18492
2242
13913
27141
15988
16006
14125
16000
26249
1384
24612
23532
21751
27677
21760
18505
18789
4465
10027
12526
2646
15615
4558
30685
6166
28245
23287
29463
18111
10525
15827
25245
3950
26210
21502
2303
3197
16193
15305
781
30180
26356
22135
12573
15835
14954
19177
5411
29447
16595
22280
9785
22486
18569
24220
7605
5058
7199
18235
24161
30460
16115
9637
28834
32588
19039
27615
9525
13005
13504
22486
13369
2405
665
31173
5120
26687
5385
5177
918
31543
15205
32587
29550
2375
2046
28363
7765
28917
22728
142
24185
15421
30087
23005
28932
22486
24340
27086
27845
30860
29280
26750
18994
17184
19058
6451
28538
2303
832
20634
15481
11238
23197
15911
23230
7363
22413
24067
23274
15556
3325
11987
7140
22237
11200
30299
28917
19444
32579
10948
10890
15171
13728
23063
2949
985
31929
426
11869
4584
8632
1370
8340
2602
28078
22176
31039
31079
19294
21638
265
27335
9600
17577
214
933
3107
17665
14680
7347
15790
25737
14125
3116
7579
15174
18887
8489
659
31538
9760
200
28439
8130
27367
23982
22119
32331
25059
4800
7072
19517
7524
8467
27335
20976
25280
24382
26043
27973
24067
8614
5847
15158
15269
27516
12579
18298
20075
10783
9891
10788
12514
11856
12580
10283
6390
22833
6073
7239
19444
30769
13399
17809
29463
12970
11672
26995
6520
12884
23738
8698
11148
15752
15199
767
23287
2881
10310
16406
8555
6709
28070
14680
19523
7858
17617
17948
19321
4682
20728
18598
10788
29026
12022
4742
25950
17617
18952
11653
27798
21283
13086
15012
27254
16339
19132
7462
243
22670
11034
11024
5884
28812
6646
27905
27516
31876
105
2460
44
19624
4927
10888
16866
18778
16504
27442
7554
1075
26877
10183
28435
3039
12753
1783
13018
8888
3704
6080
15405
16093
22020
28139
18562
24920
27630
31162
22600
16320
31698
9454
27314
31342
27447
22165
29087
21955
20125
9435
5462
28968
6403
4465
23933
21186
16720
4481
15912
20572
10775
12754
8771
8247
24367
5279
7986
16856
18384
11769
5572
11187
8173
20146
31892
22482
4160
13012
24360
23355
23957
19060
15925
26283
14301
12197
19387
11533
14357
8112
3006
21516
19068
24896
30890
7773
9936
7623
17205
23601
29292
5404
5197
30055
381
14924
15390
5126
631
15419
17400
13900
24750
21751
3561
22614
8427
24380
31228
31685
9483
22305
26555
26606
14575
26217
1183
13916
9258
4208
32728
13721
5314
32741
11871
23760
27426
6382
921
29090
23268
18277
26663
26520
4209
16672
27560
989
17821
25008
16706
13564
21852
29301
30683
14551
11674
14828
26189
302
15705
31024
27530
6779
21818
8257
5834
6722
22628
3790
31289
8637
31547
17862
17417
26302
19360
18881
27739
14104
18178
17998
1909
25881
4080
15758
2956
2569
29709
15110
5126
17137
24367
3363
27754
8651
28865
1991
25485
26457
31859
16753
31378
19151
21032
28457
5787
4961
12716
3312
3300
5898
7155
5973
30863
21796
1183
22200
11966
17137
29658
22614
5484
27324
26470
25302
9612
631
26215
8879
344
12239
11373
18762
11546
23185
5549
4230
29270
13823
3629
27314
18762
31252
8592
7743
6750
23823
8004
21986
7084
9652
3045
21010
2290
29932
28362
25284
15981
26454
28362
31948
10052
28483
24888
7743
15077
31870
18637
25777
26868
32169
31743
31047
23440
4099
10943
15005
14800
11009
22628
21629
18407
3032
5111
9714
3351
20293
26457
22849
13709
27926
1288
23115
27015
25060
14481
26898
22817
28378
6556
1059
3527
23909
31228
23918
19262
22138
32118
15181
30409
4959
16476
24100
8584
23486
15845
25874
7685
4240
17650
30109
6532
3756
15050
3055
17196
26273
30275
11269
19078
13515
26199
26701
30033
4580
26607
31610
32377
9471
15304
5126
14439
31032
2940
27626
14549
31289
15790
28144
24546
31857
25054
27415
30389
29991
17743
5669
16302
20073
26302
32238
16417
31285
4646
13499
12229
26410
4912
20071
12992
27076
17998
9710
21818
31896
3161
23702
25756
18139
11933
31234
381
28511
8386
30614
1201
631
20761
11820
24858
17143
25212
25507
15249
29955
7690
2802
21714
11803
534
12828
23049
22121
2386
31515
11774
8442
5908
32434
18802
10974
16633
8460
5678
6126
1133
21838
19542
2424
26493
3987
32213
199
4024
1398
31612
14169
19837
1834
17508
2471
5898
37
2135
133
26696
7992
29461
4275
20115
18135
27522
4973
29850
31556
17346
421
22032
9714
22877
30614
20399
19788
30039
15043
30663
9451
21149
23621
27844
30657
29620
8004
14090
17002
14143
24065
12286
1288
32565
7606
12150
28084
31335
679
534
9461
6877
8212
9850
3890
7231
29798
11024
26902
30224
9362
25153
9483
5464
961
11942
4577
12010
1377
32224
5853
16936
15576
21902
28860
4848
11409
5061
3882
16264
10412
8819
12712
8760
10198
7162
11920
30183
20708
32123
27644
24091
3659
14756
26420
3293
27859
11411
1591
19529
11836
25655
3214
30149
20316
20102
32741
942
13782
11790
17963
25892
6259
10151
21116
18226
14074
27924
6392
30690
26293
29264
19834
23352
25384
29011
12125
13493
2940
22961
14330
21664
3708
18061
26832
9271
20402
1341
22874
14193
30668
7180
17945
17858
17532
5432
2467
30200
10159
23812
22451
26126
10672
20343
7442
7602
9374
22907
15224
4423
1614
10828
31156
22517
20450
7441
25300
6621
24522
7165
28566
3135
10187
20735
30828
12311
26851
1405
10349
4082
11226
3060
4121
7123
24495
6852
13896
15577
25884
32688
10439
12539
24457
1223
26797
28919
3524
16416
379
23950
9828
16083
18975
26776
24816
2996
9153
26732
11775
3906
2510
12159
20104
22987
15450
10320
11848
1923
7573
7482
14829
4402
18221
26505
10871
32328
14505
22961
31814
32739
15105
541
30451
25479
28814
3198
16473
14964
31651
9610
7149
18368
26252
21024
15297
10535
2952
4200
15318
21693
5160
27364
28086
1223
13896
9857
30541
18230
7974
11633
13247
20410
25657
16632
29830
31237
32041
14121
18551
15114
15152
15907
23144
23653
7499
24851
1239
13620
26840
25700
32753
17467
29335
18068
32408
47
6413
16824
14940
11277
19058
5620
16181
32115
3643
14866
18617
23929
13471
25123
22164
17960
13279
18136
17121
18168
22318
8492
29741
7810
30044
18129
26668
9832
7328
21972
22219
17790
18710
12159
25018
16939
20016
17708
24227
30200
8860
14059
8607
32185
25566
12552
29136
9585
2692
13680
17389
10689
12163
14883
29611
31994
15263
22040
28692
5709
4468
29218
15816
945
32190
23642
29117
12735
11778
450
29940
6338
16351
8042
25089
25465
6686
20927
3767
8042
11775
32185
25896
23418
2558
4875
339
30286
2822
26549
19584
21659
23094
2241
26126
450
17840
5633
14701
16866
7443
20991
6244
6401
21220
20410
27503
28756
18492
12646
5045
17790
3289
27965
1736
25929
21450
4602
13685
19488
978
14971
19834
14576
22770
11738
26764
767
5602
27211
32185
32573
30241
18881
13109
22966
25766
21589
15820
30304
13388
12464
23246
10209
25944
22329
21590
22126
20886
10602
4841
27612
688
12759
101
4232
7955
12469
2724
27382
8767
13892
13521
9183
29728
6686
13793
31205
21641
27341
11810
12722
1041
16501
7074
2265
23418
13648
17297
8394
8142
26444
24340
24551
27714
28405
32414
11625
5371
19391
30925
8283
14638
5148
4008
7051
25895
10736
28145
17153
5352
17720
24362
12125
12948
18327
10370
12358
8963
31945
14908
1092
9317
11971
31651
29394
16759
25721
30614
14344
590
3199
21469
11451
14860
1198
17945
26764
10836
13211
17970
28086
23655
423
6060
4557
12257
4605
28238
21927
17527
25079
6117
3860
16397
20668
4111
20896
26268
10167
10172
22000
13475
32762
1880
21322
28035
15860
4723
2986
15803
5945
15821
26777
109
32341
14947
24840
18233
10013
5371
16008
22907
11820
32186
13060
11508
28647
16713
22676
30668
29238
19936
166
28325
29099
31090
28344
20288
3359
1680
27865
3179
20354
19585
18038
5465
9412
19374
11792
30809
7387
27926
10110
19193
21248
8823
27082
7482
16271
4304
11674
17153
8762
5375
20837
1473
9533
12311
13734
